<?xml version="1.0" encoding="UTF-8"?>
<document version="1.5.0">
  <chunk label="Chunk 2" enabled="true">
    <sensors next_id="2">
      <sensor id="0" label="ILCE-6000 (27mm)" type="frame">
        <resolution width="6000" height="4000"/>
        <property name="pixel_width" value="0.00405"/>
        <property name="pixel_height" value="0.00405"/>
        <property name="focal_length" value="27"/>
        <property name="layer_index" value="0"/>
        <bands>
          <band label="Red"/>
          <band label="Green"/>
          <band label="Blue"/>
        </bands>
        <data_type>uint8</data_type>
        <calibration type="frame" class="adjusted">
          <resolution width="6000" height="4000"/>
          <f>6666.66666666666</f>
          <k1>0.00653220857487689</k1>
          <p1>0.00198617455911859</p1>
          <p2>-0.0019172349860571</p2>
        </calibration>
        <covariance>
          <params>k1 p1 p2</params>
          <coeffs>2.0063844599418512e-08 -2.2850980535265285e-10 -1.4209156901585225e-09 -2.2850980535265285e-10 1.3305365817361608e-09 4.7338709072593002e-11 -1.4209156901585225e-09 4.7338709072593002e-11 1.0669047831754458e-09</coeffs>
        </covariance>
      </sensor>
      <sensor id="1" label="ILCE-6000 (16mm)" type="frame">
        <resolution width="6000" height="4000"/>
        <property name="pixel_width" value="0.004"/>
        <property name="pixel_height" value="0.004"/>
        <property name="focal_length" value="16"/>
        <property name="layer_index" value="0"/>
        <bands>
          <band label="Red"/>
          <band label="Green"/>
          <band label="Blue"/>
        </bands>
        <data_type>uint8</data_type>
        <calibration type="frame" class="adjusted">
          <resolution width="6000" height="4000"/>
          <f>4000</f>
          <k1>-0.0490035618364788</k1>
          <k2>0.0332978871846799</k2>
          <p1>0.000603747765798019</p1>
          <p2>-0.000368861199109112</p2>
        </calibration>
        <covariance>
          <params>k1 k2 p1 p2</params>
          <coeffs>9.2277336958740325e-09 -9.2042736936912329e-09 -1.7817488228107081e-10 -1.3592100102064453e-10 -9.2042736936912329e-09 1.3779177174835277e-08 -1.2744987268112178e-10 5.7902657398084454e-11 -1.7817488228107081e-10 -1.2744987268112178e-10 2.6613795050718671e-10 1.7929238676254352e-12 -1.3592100102064453e-10 5.7902657398084454e-11 1.7929238676254352e-12 1.9461617979475316e-10</coeffs>
        </covariance>
      </sensor>
    </sensors>
    <cameras next_id="62" next_group_id="0">
      <camera id="0" sensor_id="0" label="DSC07031">
        <transform>8.4868614933051767e-01 -3.5971572157387929e-02 5.2767211972119998e-01 -1.4768510339912185e+01 1.9989146091272669e-02 -9.9479015769770396e-01 -9.9964874762683814e-02 -4.1181735257752834e+00 5.2851892489586438e-01 9.5386519720048135e-02 -8.4354558731737583e-01 -9.8994191573694383e+00 0 0 0 1</transform>
        <rotation_covariance>4.5738746705095354e-08 2.9139579393346205e-09 2.2258290484901791e-10 2.9139579393346205e-09 2.1754138056454142e-08 -2.0447588151548561e-09 2.2258290484902122e-10 -2.0447588151548553e-09 1.4498563991678099e-09</rotation_covariance>
        <location_covariance>1.4493232354522027e-06 -1.1533953015579905e-09 2.2736415821840280e-07 -1.1533953015579905e-09 3.8794720054248945e-06 -9.3619472842147657e-07 2.2736415821840280e-07 -9.3619472842147657e-07 8.8173066128851500e-07</location_covariance>
        <orientation>1</orientation>
      </camera>
      <camera id="1" sensor_id="0" label="DSC07032">
        <transform>8.5827241019432798e-01 -1.1931286582647133e-02 5.1305566393881930e-01 -1.4716587620296286e+01 1.9396542588317821e-02 -9.9826120788993422e-01 -5.5662689099154408e-02 -3.5124355577982693e+00 5.1282769429394071e-01 5.7725256366795763e-02 -8.5654862719086067e-01 -9.8662597155200729e+00 0 0 0 1</transform>
        <rotation_covariance>4.8891603082636708e-08 3.3525911615876964e-10 -1.1371908715112133e-09 3.3525911615876943e-10 2.4149137198545093e-08 -2.1046402016580471e-09 -1.1371908715112042e-09 -2.1046402016580471e-09 1.9448202498910934e-09</rotation_covariance>
        <location_covariance>1.6289796264007946e-06 -1.9200869749487423e-07 2.9959925079667381e-07 -1.9200869749487423e-07 4.3688011914142654e-06 -1.0342083480291553e-06 2.9959925079667381e-07 -1.0342083480291553e-06 1.1309548534951211e-06</location_covariance>
        <orientation>1</orientation>
      </camera>
      <camera id="2" sensor_id="0" label="DSC07033">
        <transform>8.5809793973957704e-01 2.2120694656352285e-02 5.1300935730512065e-01 -1.4706299035972826e+01 2.0487618685317715e-02 -9.9975102837367857e-01 8.8396123431526141e-03 -2.8399081468662017e+00 5.1307717089663774e-01 2.9250869547114283e-03 -8.5833749805715098e-01 -9.7829582832870923e+00 0 0 0 1</transform>
        <rotation_covariance>5.2174158385213265e-08 -1.8344076124347643e-09 -1.0477473168119474e-09 -1.8344076124347639e-09 2.3981309092529642e-08 -2.9491511015565817e-09 -1.0477473168119523e-09 -2.9491511015565821e-09 2.2941875937066966e-09</rotation_covariance>
        <location_covariance>1.6718076286877060e-06 -3.0560120740085392e-07 2.6450529269384751e-07 -3.0560120740085392e-07 4.9396583560036241e-06 -1.2077884738867523e-06 2.6450529269384751e-07 -1.2077884738867523e-06 1.3865774309340176e-06</location_covariance>
        <orientation>1</orientation>
      </camera>
      <camera id="3" sensor_id="0" label="DSC07034">
        <transform>8.5536603499877972e-01 5.2259068736185556e-02 5.1538134997814311e-01 -1.4717911575965751e+01 2.5069845655025715e-02 -9.9790873825910076e-01 5.9578963946704783e-02 -2.0771354883268236e+00 5.1741709385108237e-01 -3.8041291262997268e-02 -8.5488736752261352e-01 -9.6544567144386697e+00 0 0 0 1</transform>
        <rotation_covariance>5.7630327808744268e-08 -2.6521927171233333e-09 -8.3527830797269256e-10 -2.6521927171233341e-09 2.5421507680170139e-08 -3.8922695834403927e-09 -8.3527830797269473e-10 -3.8922695834403919e-09 2.7563992250151199e-09</rotation_covariance>
        <location_covariance>1.8741712045038272e-06 -2.4341157671439096e-07 2.6493611753914201e-07 -2.4341157671439096e-07 5.8033861816602477e-06 -1.4504490064394479e-06 2.6493611753914201e-07 -1.4504490064394479e-06 1.7514098038652270e-06</location_covariance>
        <orientation>1</orientation>
      </camera>
      <camera id="4" sensor_id="0" label="DSC07035">
        <transform>8.4536362582933455e-01 8.3323004021338798e-02 5.2765293245232880e-01 -1.4713029165175806e+01 3.1989405412845617e-02 -9.9388383254515411e-01 1.0569581518058645e-01 -1.2104962686809118e+00 5.3323261159274049e-01 -7.2472093982553346e-02 -8.4285869368938082e-01 -9.6017494433193846e+00 0 0 0 1</transform>
        <rotation_covariance>6.7243777272492129e-08 -5.0528948058636437e-09 2.2246216824582540e-10 -5.0528948058636429e-09 3.0962388242337365e-08 -5.6690174438303650e-09 2.2246216824582829e-10 -5.6690174438303650e-09 3.6870925857225400e-09</rotation_covariance>
        <location_covariance>2.4562609296367004e-06 -3.1373956736815453e-07 4.2316848643971832e-07 -3.1373956736815453e-07 7.1360178708661079e-06 -1.9356030066893568e-06 4.2316848643971832e-07 -1.9356030066893568e-06 2.3107741352880067e-06</location_covariance>
        <orientation>1</orientation>
      </camera>
      <camera id="5" sensor_id="0" label="DSC07036">
        <transform>8.0397871288726930e-01 1.2222765210794262e-01 5.8196102127574634e-01 -1.3969396879654491e+01 3.7133118091397861e-02 -9.8705732334741569e-01 1.5600952524460032e-01 -4.3166963196988339e-01 5.9349756593008884e-01 -1.0381830997668490e-01 -7.9811177021056690e-01 -8.9929866411051123e+00 0 0 0 1</transform>
        <rotation_covariance>7.7920676400666968e-08 -9.6410653464200155e-09 8.1111110285543257e-09 -9.6410653464200155e-09 3.9885367935219543e-08 -1.0408215214843345e-08 8.1111110285543207e-09 -1.0408215214843345e-08 6.4088944054939301e-09</rotation_covariance>
        <location_covariance>3.2691245869735092e-06 -4.7974056525894328e-07 7.4928530169976918e-07 -4.7974056525894328e-07 8.7427995537642481e-06 -2.3260991338182908e-06 7.4928530169976918e-07 -2.3260991338182908e-06 2.7755795705614240e-06</location_covariance>
        <orientation>1</orientation>
      </camera>
      <camera id="6" sensor_id="0" label="DSC07037">
        <transform>8.1097398640011797e-01 9.9338899430652272e-02 5.7658735369604530e-01 -1.3722352123366484e+01 4.5704687823983757e-02 -9.9322556670959639e-01 1.0683658149394942e-01 -1.1582744701580363e+00 5.8329432955688332e-01 -6.0288943383574545e-02 -8.1002035061625355e-01 -8.9184724674930926e+00 0 0 0 1</transform>
        <rotation_covariance>6.4835985825922819e-08 5.6480138405685138e-10 3.8350580380681285e-09 5.6480138405685138e-10 2.7053579956227310e-08 -5.3099310374335189e-09 3.8350580380681277e-09 -5.3099310374335181e-09 3.4160385633057615e-09</rotation_covariance>
        <location_covariance>1.9968606509053153e-06 4.0435225824057327e-07 3.0703936447415803e-07 4.0435225824057327e-07 6.9029304776555806e-06 -1.6669511538933650e-06 3.0703936447415803e-07 -1.6669511538933650e-06 1.9556132856378592e-06</location_covariance>
        <orientation>1</orientation>
      </camera>
      <camera id="7" sensor_id="0" label="DSC07038">
        <transform>8.0952750930833317e-01 7.1576292780048983e-02 5.8270236483552329e-01 -1.3565895879931270e+01 3.4276904517544921e-02 -9.9660935965027575e-01 7.4798917600206169e-02 -1.6968360829752807e+00 5.8608045991121538e-01 -4.0578548142239282e-02 -8.0923610642440202e-01 -8.7740976975500065e+00 0 0 0 1</transform>
        <rotation_covariance>6.1616023472943087e-08 2.2693827002384930e-09 3.7672115222433428e-09 2.2693827002384934e-09 2.4767418847924559e-08 -4.0127777849773276e-09 3.7672115222433453e-09 -4.0127777849773276e-09 2.7760951400559681e-09</rotation_covariance>
        <location_covariance>1.7249218603118300e-06 5.2123018124932403e-07 3.2730669918919537e-07 5.2123018124932403e-07 6.3471898473391521e-06 -1.3433319291356915e-06 3.2730669918919537e-07 -1.3433319291356915e-06 1.6672085689088789e-06</location_covariance>
        <orientation>1</orientation>
      </camera>
      <camera id="8" sensor_id="0" label="DSC07039">
        <transform>8.1048484201286042e-01 3.6441305163381746e-02 5.8462496709033773e-01 -1.3292785527692370e+01 1.8997711486733748e-02 -9.9917321249872471e-01 3.5944100812861965e-02 -2.3201144139750385e+00 5.8545145642115892e-01 -1.8025612415883296e-02 -8.1050704467720469e-01 -8.6131796788238617e+00 0 0 0 1</transform>
        <rotation_covariance>5.7511733863063446e-08 2.3609804516678455e-09 3.7324975654163327e-09 2.3609804516678459e-09 2.3178078881903586e-08 -2.9459559634969170e-09 3.7324975654163344e-09 -2.9459559634969162e-09 2.2630276651584560e-09</rotation_covariance>
        <location_covariance>1.4606457812979447e-06 4.9579855406588617e-07 3.7053440248056092e-07 4.9579855406588617e-07 5.7094630319800599e-06 -1.0648377753166326e-06 3.7053440248056092e-07 -1.0648377753166326e-06 1.3985991831218107e-06</location_covariance>
        <orientation>1</orientation>
      </camera>
      <camera id="9" sensor_id="0" label="DSC07040">
        <transform>8.2153266578516715e-01 1.1282835348563478e-02 5.7004980192472077e-01 -1.2954102105885172e+01 1.4245388133991604e-02 -9.9989825609563809e-01 -7.3917103136774114e-04 -2.8634072122890162e+00 5.6998346288715085e-01 8.7278338319933951e-03 -8.2160980821298191e-01 -8.3755842783748715e+00 0 0 0 1</transform>
        <rotation_covariance>5.8222184360804731e-08 2.9991217515008010e-09 2.9255163040831179e-09 2.9991217515008010e-09 2.3392198577488421e-08 -2.3371671494210307e-09 2.9255163040831220e-09 -2.3371671494210303e-09 1.8918151016853758e-09</rotation_covariance>
        <location_covariance>1.3236792833335845e-06 5.3354767431008393e-07 4.4941701542051701e-07 5.3354767431008393e-07 5.6369318081044175e-06 -8.8037138394144951e-07 4.4941701542051701e-07 -8.8037138394144951e-07 1.2285776541425559e-06</location_covariance>
        <orientation>1</orientation>
      </camera>
      <camera id="10" sensor_id="0" label="DSC07041">
        <transform>8.3268465610597975e-01 -1.0452107096874518e-02 5.5364882095323054e-01 -1.2716631574691940e+01 1.7837471221553613e-02 -9.9879670528450804e-01 -4.5683324454682366e-02 -3.5159306095706304e+00 5.5346010525248068e-01 4.7915498223925400e-02 -8.3149625190007082e-01 -8.2285257320748144e+00 0 0 0 1</transform>
        <rotation_covariance>4.7174376276073181e-08 2.5266793728064783e-09 1.7495398839029657e-09 2.5266793728064792e-09 1.9677734660634871e-08 -1.8352353506669046e-09 1.7495398839029659e-09 -1.8352353506669040e-09 1.3544104327791008e-09</rotation_covariance>
        <location_covariance>9.5471949971172393e-07 4.8305658521543599e-07 3.8754958968273094e-07 4.8305658521543599e-07 4.4121946330735150e-06 -8.2773450050644950e-07 3.8754958968273094e-07 -8.2773450050644950e-07 9.7603359005797828e-07</location_covariance>
        <orientation>1</orientation>
      </camera>
      <camera id="11" sensor_id="0" label="DSC07042">
        <transform>8.3120538140659206e-01 -3.8546329318672627e-02 5.5462761779123326e-01 -1.2720003073984323e+01 1.4731712669005213e-02 -9.9571631407770600e-01 -9.1279781558377265e-02 -4.1595329273328394e+00 5.5577026779287109e-01 8.4042860348536669e-02 -8.2707690516775811e-01 -8.2420130880834357e+00 0 0 0 1</transform>
        <rotation_covariance>4.3225589724069986e-08 1.4538434611246872e-09 1.9068224227902302e-09 1.4538434611246876e-09 1.7368533546342946e-08 -1.6671424835001833e-09 1.9068224227902310e-09 -1.6671424835001833e-09 1.0369632091001265e-09</rotation_covariance>
        <location_covariance>7.3284410822235506e-07 3.7547789997766335e-07 3.1746663192922146e-07 3.7547789997766335e-07 3.8380012423075572e-06 -8.0951347183178815e-07 3.1746663192922146e-07 -8.0951347183178815e-07 7.8443268968103382e-07</location_covariance>
        <orientation>1</orientation>
      </camera>
      <camera id="12" sensor_id="0" label="DSC07043">
        <transform>8.7466537940336875e-01 -6.6315002377872495e-02 4.8016954769412834e-01 -1.3398419223928634e+01 -8.6013608024924221e-04 -9.9080823470399526e-01 -1.3527121722183225e-01 -5.3552065250044851e+00 4.8472645300115869e-01 1.1790403938108072e-01 -8.6668270044955897e-01 -9.0131322544029846e+00 0 0 0 1</transform>
        <rotation_covariance>7.1720007565277796e-08 6.1676633696312628e-09 -2.9408127755484943e-09 6.1676633696312612e-09 2.6028591278622898e-08 -1.5671796088095251e-09 -2.9408127755484894e-09 -1.5671796088095236e-09 1.5964727628844221e-09</rotation_covariance>
        <location_covariance>1.3675473993063861e-06 5.6432514604117268e-07 4.1451114512438197e-07 5.6432514604117268e-07 5.5899874562594683e-06 -7.3639069295149960e-07 4.1451114512438197e-07 -7.3639069295149960e-07 6.9226188757899005e-07</location_covariance>
        <orientation>1</orientation>
      </camera>
      <camera id="13" sensor_id="0" label="DSC07044">
        <transform>8.6531944926454252e-01 -5.6801190215629807e-02 4.9799184281933490e-01 -1.0323354507944019e+01 3.4547344540599816e-03 -9.9285837925400555e-01 -1.1924891427162440e-01 -4.6720060987861096e+00 5.0120885420587025e-01 1.0490883440014542e-01 -8.5894343290489250e-01 -6.9785969864131090e+00 0 0 0 1</transform>
        <orientation>1</orientation>
      </camera>
      <camera id="14" sensor_id="0" label="DSC07045">
        <transform>8.5798105539185987e-01 -2.9225991883790471e-02 5.1284924684265454e-01 -1.0922436819942318e+01 5.2449144263039607e-04 -9.9832979459291316e-01 -5.7769768363724466e-02 -3.6227895537992651e+00 5.1368106203888420e-01 4.9834351871780036e-02 -8.5653272201132136e-01 -6.9487439518599583e+00 0 0 0 1</transform>
        <rotation_covariance>5.2081448787312577e-08 2.1696203595130360e-09 8.7212649349559935e-11 2.1696203595130360e-09 1.8009942362113681e-08 -1.8059349890093696e-09 8.7212649349562933e-11 -1.8059349890093696e-09 1.1448745377813630e-09</rotation_covariance>
        <location_covariance>1.2219471928773586e-06 8.1350998286564197e-07 5.8781899416334393e-07 8.1350998286564197e-07 4.9523358499732874e-06 -8.4079141901597384e-07 5.8781899416334393e-07 -8.4079141901597384e-07 8.9203086498165871e-07</location_covariance>
        <orientation>1</orientation>
      </camera>
      <camera id="15" sensor_id="1" label="DSC07046">
        <transform>8.5852998143302484e-01 -3.9802505687775935e-02 5.1121622775649866e-01 -1.1809804509435105e+01 9.1401243358219843e-03 -9.9563642751891834e-01 -9.2868521709410692e-02 -3.7467410567361568e+00 5.1268189855673230e-01 8.4402990103077127e-02 -8.5441992378099674e-01 -7.5599876923237632e+00 0 0 0 1</transform>
        <rotation_covariance>4.1376933047158191e-08 -3.3171720752408542e-10 4.4540772902943470e-11 -3.3171720752408542e-10 1.9302779457131552e-08 -1.6111293061656920e-09 4.4540772902942384e-11 -1.6111293061656920e-09 7.9825413033936605e-10</rotation_covariance>
        <location_covariance>5.6760973000743347e-07 5.9065347515521626e-07 3.2918046408485208e-07 5.9065347515521626e-07 3.8095233074938199e-06 -8.3813609298795543e-07 3.2918046408485208e-07 -8.3813609298795543e-07 8.9993442725829910e-07</location_covariance>
        <orientation>1</orientation>
      </camera>
      <camera id="16" sensor_id="1" label="DSC07047">
        <transform>8.4966430449558783e-01 -3.0329117580642405e-02 5.2645105593284558e-01 -1.1736023032234060e+01 -7.4173800220396491e-04 -9.9841238488140971e-01 -5.6321927702733220e-02 -3.2671821384787840e+00 5.2732344864491332e-01 4.7464242774907815e-02 -8.4833786085912721e-01 -7.3995055643188303e+00 0 0 0 1</transform>
        <rotation_covariance>4.1216018253395414e-08 -7.6391119494125834e-10 6.7745618807300836e-10 -7.6391119494125813e-10 1.8954076223355855e-08 -2.1803007516873676e-09 6.7745618807301094e-10 -2.1803007516873680e-09 9.3363715532977927e-10</rotation_covariance>
        <location_covariance>6.5469678098782668e-07 7.6794768974541025e-07 3.3663460071639762e-07 7.6794768974541025e-07 4.0212323860571181e-06 -9.1249889632715141e-07 3.3663460071639762e-07 -9.1249889632715141e-07 1.0439935285865501e-06</location_covariance>
        <orientation>1</orientation>
      </camera>
      <camera id="17" sensor_id="1" label="DSC07048">
        <transform>8.4882336183824991e-01 9.7774355402650923e-04 5.2867565143020789e-01 -1.1779639466409224e+01 4.6511315031967267e-03 -9.9997340034722526e-01 -5.6183248168747615e-03 -2.6189574169269672e+00 5.2865609556057536e-01 7.2279053362989936e-03 -8.4880533104540379e-01 -7.1540646571902080e+00 0 0 0 1</transform>
        <rotation_covariance>4.4414932727967533e-08 -9.6093178600305276e-10 9.0300075753653284e-10 -9.6093178600305296e-10 1.9425540478587138e-08 -3.0517632677294956e-09 9.0300075753653036e-10 -3.0517632677294956e-09 1.3599181669659122e-09</rotation_covariance>
        <location_covariance>8.2274246333808765e-07 1.0169931801564546e-06 3.7594142046453127e-07 1.0169931801564546e-06 4.8011909957575892e-06 -1.0303556904695806e-06 3.7594142046453127e-07 -1.0303556904695806e-06 1.3464098901172889e-06</location_covariance>
        <orientation>1</orientation>
      </camera>
      <camera id="18" sensor_id="1" label="DSC07049">
        <transform>8.4691405328015823e-01 2.7665465860792902e-02 5.3100961230026456e-01 -1.1748754371096801e+01 6.0305981508710343e-03 -9.9908108886345670e-01 4.2433592369164934e-02 -1.9904237002528968e+00 5.3169560675495031e-01 -3.2735300122574772e-02 -8.4630265383216785e-01 -7.0135664956219124e+00 0 0 0 1</transform>
        <rotation_covariance>4.8860256870436670e-08 -1.0863213410561101e-09 9.4887511445394787e-10 -1.0863213410561105e-09 1.9976065507215946e-08 -3.7425285965529104e-09 9.4887511445395366e-10 -3.7425285965529104e-09 1.8573691183599477e-09</rotation_covariance>
        <location_covariance>9.9095548849135536e-07 1.2694723198023779e-06 3.9974715193703703e-07 1.2694723198023779e-06 5.6167104109178095e-06 -1.0981916622245662e-06 3.9974715193703703e-07 -1.0981916622245662e-06 1.6347709541434218e-06</location_covariance>
        <orientation>1</orientation>
      </camera>
      <camera id="19" sensor_id="1" label="DSC07050">
        <transform>8.4609365419016980e-01 6.0617323621453237e-02 5.2957631028596575e-01 -1.1707263497431203e+01 6.4453687787478821e-03 -9.9460352453942069e-01 1.0354847268341504e-01 -1.1764893931188656e+00 5.3299529600216122e-01 -8.4198391022239930e-02 -8.4191843155310164e-01 -6.7800056017549659e+00 0 0 0 1</transform>
        <rotation_covariance>5.1177570846642907e-08 -1.3798172543304357e-09 1.1779313915491295e-09 -1.3798172543304359e-09 1.9858006728034096e-08 -4.7179852286887676e-09 1.1779313915491311e-09 -4.7179852286887676e-09 2.4516968914898831e-09</rotation_covariance>
        <location_covariance>1.2054179069330497e-06 1.6318752762863337e-06 3.7849514651712852e-07 1.6318752762863337e-06 6.4892837996546278e-06 -1.1712285092757724e-06 3.7849514651712852e-07 -1.1712285092757724e-06 2.0388436604614689e-06</location_covariance>
        <orientation>1</orientation>
      </camera>
      <camera id="20" sensor_id="1" label="DSC07051">
        <transform>8.4311809684875461e-01 8.8495715579998746e-02 5.3039643955264104e-01 -1.1735116266127392e+01 1.5463180200829728e-02 -9.8994704731937944e-01 1.4059065958206080e-01 -3.2854351748095123e-01 5.3750606026742731e-01 -1.1033291361885721e-01 -8.3601069571397379e-01 -6.5567491240440727e+00 0 0 0 1</transform>
        <rotation_covariance>5.3351798974233866e-08 -1.0402127237657689e-09 1.2688971730676213e-09 -1.0402127237657689e-09 2.0371348033627201e-08 -5.4267536862035626e-09 1.2688971730676175e-09 -5.4267536862035626e-09 2.9562127269511248e-09</rotation_covariance>
        <location_covariance>1.4749359072875933e-06 2.0862326762462430e-06 3.7357530513723829e-07 2.0862326762462430e-06 7.5325766586697332e-06 -1.2712715832194450e-06 3.7357530513723829e-07 -1.2712715832194450e-06 2.5753376175408853e-06</location_covariance>
        <orientation>1</orientation>
      </camera>
      <camera id="21" sensor_id="1" label="DSC07052">
        <transform>8.4693263105241134e-01 9.1996647940919413e-02 5.2368094793134790e-01 -9.8194411523249130e+00 1.2114184894835928e-02 -9.8800075104698748e-01 1.5397325240093612e-01 2.4964917434254222e-01 5.3156219295861729e-01 -1.2406100393847852e-01 -8.3788453996884471e-01 -5.5869146716709626e+00 0 0 0 1</transform>
        <rotation_covariance>5.3733769532557830e-08 6.6313923316880230e-10 7.3864793895715567e-10 6.6313923316880281e-10 2.0967112702216447e-08 -5.9662639488693939e-09 7.3864793895715474e-10 -5.9662639488693930e-09 3.2867180744955416e-09</rotation_covariance>
        <location_covariance>3.1781003103502229e-06 3.4624896388026046e-06 8.8430634288393201e-07 3.4624896388026046e-06 7.8323599671495148e-06 -1.1659553450134406e-06 8.8430634288393201e-07 -1.1659553450134406e-06 2.7753448103213292e-06</location_covariance>
        <orientation>1</orientation>
      </camera>
      <camera id="22" sensor_id="1" label="DSC07053">
        <transform>8.6494287848174534e-01 8.2387627001924174e-02 4.9506170916432662e-01 -9.5361874070075974e+00 1.1869420349133214e-02 -9.8951573097222956e-01 1.4393656595552759e-01 -1.3793975373890510e-01 5.0172994112798186e-01 -1.1862081215151991e-01 -8.5685247802654207e-01 -5.4241005897103758e+00 0 0 0 1</transform>
        <rotation_covariance>5.2621464680302764e-08 2.8551707731732204e-10 -9.3920920232244177e-10 2.8551707731732204e-10 2.0788516780942778e-08 -5.7341613183066207e-09 -9.3920920232244053e-10 -5.7341613183066199e-09 3.1079895995666889e-09</rotation_covariance>
        <location_covariance>3.3937090213597317e-06 3.3376457498255626e-06 1.0579027875368390e-06 3.3376457498255626e-06 7.3821267869434562e-06 -1.0727060098206015e-06 1.0579027875368390e-06 -1.0727060098206015e-06 2.5948094006240637e-06</location_covariance>
        <orientation>1</orientation>
      </camera>
      <camera id="23" sensor_id="1" label="DSC07054">
        <transform>8.4359128619354529e-01 6.9919843034861859e-02 5.3241427235593486e-01 -9.4778736489520039e+00 1.4769885325969730e-02 -9.9413281505242768e-01 1.0715314518665943e-01 -6.5788679576709463e-01 5.3678263044343844e-01 -8.2529761819090983e-02 -8.3967448816092238e-01 -5.5833271845011350e+00 0 0 0 1</transform>
        <rotation_covariance>5.0669738331067472e-08 1.1996052648681797e-09 1.0480297697692619e-09 1.1996052648681801e-09 2.1109896221372959e-08 -5.0951957791600098e-09 1.0480297697692664e-09 -5.0951957791600098e-09 2.6791059804987214e-09</rotation_covariance>
        <location_covariance>3.2254368917005002e-06 2.9847169037244630e-06 1.0558397391647919e-06 2.9847169037244630e-06 6.6427485846014281e-06 -1.0175457426173546e-06 1.0558397391647919e-06 -1.0175457426173546e-06 2.2661807486324097e-06</location_covariance>
        <orientation>1</orientation>
      </camera>
      <camera id="24" sensor_id="1" label="DSC07055">
        <transform>8.4595625234702654e-01 4.9577784330840827e-02 5.3094261687664401e-01 -9.4048637634733918e+00 1.1692662031786181e-02 -9.9715387222467222e-01 7.4481116814616333e-02 -1.1777489470344347e+00 5.3312409509380143e-01 -5.6799633873703188e-02 -8.4412824903697470e-01 -5.5105958318213117e+00 0 0 0 1</transform>
        <rotation_covariance>4.9738991925146994e-08 7.8096455841238419e-10 9.5567009631692652e-10 7.8096455841238367e-10 2.1554119497046518e-08 -4.5967133451621955e-09 9.5567009631692569e-10 -4.5967133451621963e-09 2.3624099981153681e-09</rotation_covariance>
        <location_covariance>3.2246844646223975e-06 2.6428767466283162e-06 1.1997304396625559e-06 2.6428767466283162e-06 6.2460824565716847e-06 -9.5428978596403723e-07 1.1997304396625559e-06 -9.5428978596403723e-07 2.0969842647222850e-06</location_covariance>
        <orientation>1</orientation>
      </camera>
      <camera id="25" sensor_id="1" label="DSC07056">
        <transform>8.3973674339220672e-01 3.6072721788898525e-02 5.4179420497066166e-01 -9.3126724962363099e+00 1.4115957486378531e-02 -9.9890391501460762e-01 4.4628559384459365e-02 -1.6962237825060695e+00 5.4281022608393559e-01 -2.9828297156059502e-02 -8.3932552156328255e-01 -5.6172935901101058e+00 0 0 0 1</transform>
        <rotation_covariance>4.7744701570467587e-08 1.0158205924970166e-09 1.5862804367806870e-09 1.0158205924970166e-09 2.1438743324064511e-08 -4.0606161421212866e-09 1.5862804367806864e-09 -4.0606161421212866e-09 2.0330162382775240e-09</rotation_covariance>
        <location_covariance>3.1145922715371966e-06 2.3153431089920901e-06 1.1839838382653306e-06 2.3153431089920901e-06 5.6002531894162234e-06 -9.0964775881380497e-07 1.1839838382653306e-06 -9.0964775881380497e-07 1.8031052487056563e-06</location_covariance>
        <orientation>1</orientation>
      </camera>
      <camera id="26" sensor_id="1" label="DSC07057">
        <transform>8.3360992225925967e-01 3.1989103318742738e-02 5.5142650895633705e-01 -9.2844345724800643e+00 2.4663103031066350e-02 -9.9948153949717278e-01 2.0697428662530042e-02 -2.1444179143648019e+00 5.5180270827514932e-01 -3.6536930938868718e-03 -8.3396667899082522e-01 -5.6863244227313929e+00 0 0 0 1</transform>
        <rotation_covariance>4.6349717797857974e-08 1.2397005449365520e-09 1.9625442571710837e-09 1.2397005449365513e-09 2.1385731408483122e-08 -3.6521674950262985e-09 1.9625442571710825e-09 -3.6521674950262989e-09 1.8243949758899132e-09</rotation_covariance>
        <location_covariance>3.0001972634957392e-06 2.0178339866010298e-06 1.1837783448135993e-06 2.0178339866010298e-06 5.1692470056775947e-06 -8.7559273855247634e-07 1.1837783448135993e-06 -8.7559273855247634e-07 1.6089387086977673e-06</location_covariance>
        <orientation>1</orientation>
      </camera>
      <camera id="27" sensor_id="1" label="DSC07058">
        <transform>8.3461756149575073e-01 -1.6604275339211945e-03 5.5082734955999635e-01 -9.1975646801464652e+00 1.3345916543949459e-02 -9.9964094220852306e-01 -2.3235171014181509e-02 -2.7179522169666162e+00 5.5066815102608546e-01 2.6743777610145521e-02 -8.3429572563009768e-01 -5.7780499677957176e+00 0 0 0 1</transform>
        <rotation_covariance>4.3986233493493716e-08 8.0154945366271741e-10 1.9765240373723432e-09 8.0154945366271710e-10 2.0686687240264937e-08 -2.9330450293912347e-09 1.9765240373723412e-09 -2.9330450293912351e-09 1.3407404678987283e-09</rotation_covariance>
        <location_covariance>2.8809689934288630e-06 1.6579881327829333e-06 1.1422068609135906e-06 1.6579881327829333e-06 4.5537299392121872e-06 -8.3013140124296302e-07 1.1422068609135906e-06 -8.3013140124296302e-07 1.3236878887306235e-06</location_covariance>
        <orientation>1</orientation>
      </camera>
      <camera id="28" sensor_id="1" label="DSC07059">
        <transform>8.0667890060702607e-01 7.4751929501969738e-02 5.8624337979304542e-01 -8.9326271292621975e+00 5.2639770939298391e-03 -9.9283786664078755e-01 1.1935351318383684e-01 2.2859545775567396e+00 5.9096653192934279e-01 -9.3193989076025066e-02 -8.0129485118744082e-01 -6.5147566689811063e+00 0 0 0 1</transform>
        <rotation_covariance>6.4382395054409192e-08 4.8252155958908979e-10 3.3436454099993459e-09 4.8252155958908875e-10 2.3960855314638986e-08 -5.3882592315620200e-09 3.3436454099993405e-09 -5.3882592315620208e-09 4.1422390405655990e-09</rotation_covariance>
        <location_covariance>4.1899499361631150e-06 4.8726082636442606e-06 -1.3078896185235484e-07 4.8726082636442606e-06 9.8888241621874106e-06 -1.9389733572116763e-06 -1.3078896185235484e-07 -1.9389733572116763e-06 3.4139824679866018e-06</location_covariance>
        <orientation>1</orientation>
      </camera>
      <camera id="29" sensor_id="1" label="DSC07060">
        <transform>8.5057019884343354e-01 8.3258138814915242e-02 5.1922867713611243e-01 -1.0043824974580357e+01 2.9193424585070595e-02 -9.9334016513649837e-01 1.1145878290915387e-01 2.2033524002994076e+00 5.2505055070958340e-01 -7.9645455913507079e-02 -8.4733613197590762e-01 -6.9923064365179854e+00 0 0 0 1</transform>
        <rotation_covariance>6.4270166412167674e-08 -3.9214501520650436e-10 -9.4184090819983480e-10 -3.9214501520650539e-10 2.8918490691992687e-08 -6.3825602770184828e-09 -9.4184090819983749e-10 -6.3825602770184820e-09 3.9705177475533931e-09</rotation_covariance>
        <location_covariance>3.3148153653176989e-06 4.2326525280023072e-06 5.7293331138884583e-08 4.2326525280023072e-06 9.8684933005146160e-06 -2.0060243163369968e-06 5.7293331138884583e-08 -2.0060243163369968e-06 3.7903239871967961e-06</location_covariance>
        <orientation>1</orientation>
      </camera>
      <camera id="30" sensor_id="1" label="DSC07061">
        <transform>8.3383140920939014e-01 9.6277559711551011e-02 5.4355847202658103e-01 -6.9384381832641129e+00 3.3088339864663377e-02 -9.9161971843796237e-01 1.2488192731543209e-01 2.1964432227209079e+00 5.5102662619957232e-01 -8.6145025979478720e-02 -8.3002933184202099e-01 -4.6710214811620459e+00 0 0 0 1</transform>
        <rotation_covariance>6.3545012632215805e-08 6.9434837481064174e-09 7.8687091061016224e-10 6.9434837481064174e-09 2.6419359879228172e-08 -6.0233589096493868e-09 7.8687091061016369e-10 -6.0233589096493868e-09 3.6818180763498887e-09</rotation_covariance>
        <location_covariance>7.6797256243661157e-06 6.8570021754752563e-06 1.0843181152523196e-06 6.8570021754752563e-06 1.0253472758933185e-05 -1.0481983790814731e-06 1.0843181152523196e-06 -1.0481983790814731e-06 3.7498207808068333e-06</location_covariance>
        <orientation>1</orientation>
      </camera>
      <camera id="31" sensor_id="1" label="DSC07062">
        <transform>8.7034989184372535e-01 5.9959260755127468e-02 4.8876983623921888e-01 -5.6473877795481027e+00 2.4833320132492877e-02 -9.9664079917288551e-01 7.8041166285680794e-02 1.4683433152922387e+00 4.9180725084001287e-01 -5.5785342821665876e-02 -8.6891519928440530e-01 -4.1711586964170309e+00 0 0 0 1</transform>
        <rotation_covariance>5.4709883935141980e-08 4.9815279899139408e-09 -1.9624015564642902e-09 4.9815279899139399e-09 2.5692665543266729e-08 -5.3771769483787815e-09 -1.9624015564642947e-09 -5.3771769483787815e-09 2.9931101835640009e-09</rotation_covariance>
        <location_covariance>9.7986703311153260e-06 6.8860584865168235e-06 1.5211307178274606e-06 6.8860584865168235e-06 8.2034371508255255e-06 -9.8279757894088763e-07 1.5211307178274606e-06 -9.8279757894088763e-07 3.0920728674655847e-06</location_covariance>
        <orientation>1</orientation>
      </camera>
      <camera id="32" sensor_id="1" label="DSC07063">
        <transform>8.6941668852942400e-01 4.9502852208037851e-02 4.9159341872099899e-01 -5.5517430028871582e+00 2.9498943060981664e-02 -9.9839397478369551e-01 4.8366139745679201e-02 8.0433209627623337e-01 4.9319816916206743e-01 -2.7548842786635705e-02 -8.6948066522281098e-01 -4.1421614657399468e+00 0 0 0 1</transform>
        <rotation_covariance>5.1762179059382692e-08 4.3752821153973418e-09 -1.4518792686251270e-09 4.3752821153973418e-09 2.5950075339326777e-08 -4.6356487221370793e-09 -1.4518792686251309e-09 -4.6356487221370785e-09 2.5755752357624652e-09</rotation_covariance>
        <location_covariance>9.7551473530889750e-06 6.1624195997395539e-06 1.7057744312427407e-06 6.1624195997395539e-06 7.2365539383609274e-06 -9.1510022482634819e-07 1.7057744312427407e-06 -9.1510022482634819e-07 2.7479368329899026e-06</location_covariance>
        <orientation>1</orientation>
      </camera>
      <camera id="33" sensor_id="1" label="DSC07064">
        <transform>8.8212857180572657e-01 2.5490759658658105e-02 4.7031840701381533e-01 -5.5391580991114830e+00 2.4093398283112962e-02 -9.9966927611658485e-01 8.9914708315453652e-03 5.2964213223926977e-02 4.7039206090575081e-01 3.3999353769991175e-03 -8.8245098984378312e-01 -3.9841853416500306e+00 0 0 0 1</transform>
        <rotation_covariance>4.9204743437638938e-08 2.8833614148325043e-09 -2.2647956068730720e-09 2.8833614148325047e-09 2.5348579320182741e-08 -3.6867549528721281e-09 -2.2647956068730670e-09 -3.6867549528721285e-09 2.2062258998960876e-09</rotation_covariance>
        <location_covariance>9.6442621747736811e-06 5.3370333754841009e-06 2.0140742702632311e-06 5.3370333754841009e-06 6.4569813608041988e-06 -8.4690292117843755e-07 2.0140742702632311e-06 -8.4690292117843755e-07 2.4449136240103617e-06</location_covariance>
        <orientation>1</orientation>
      </camera>
      <camera id="34" sensor_id="1" label="DSC07065">
        <transform>8.8185460407410021e-01 1.4105301173006740e-02 4.7131040488422299e-01 -5.5451885746100888e+00 2.1588792019930227e-02 -9.9971205866264434e-01 -1.0474914014816299e-02 -4.9980754505879332e-01 4.7102694331899070e-01 1.9412373459120672e-02 -8.8190519809345269e-01 -4.0124711197598613e+00 0 0 0 1</transform>
        <rotation_covariance>4.8072937817022384e-08 2.1688040110602752e-09 -2.0757748517485110e-09 2.1688040110602752e-09 2.5329050493307350e-08 -3.2441860708460203e-09 -2.0757748517485056e-09 -3.2441860708460207e-09 2.0265852086768308e-09</rotation_covariance>
        <location_covariance>9.4443999898917093e-06 4.7031457894583582e-06 2.0989458275530467e-06 4.7031457894583582e-06 5.8987453050910377e-06 -8.3243129707231977e-07 2.0989458275530467e-06 -8.3243129707231977e-07 2.1989847956425800e-06</location_covariance>
        <orientation>1</orientation>
      </camera>
      <camera id="35" sensor_id="1" label="DSC07066">
        <transform>8.6269562401686550e-01 -3.7463789663393730e-03 5.0570962512769246e-01 -5.6297609236571269e+00 1.5819518814000878e-02 -9.9928329419915030e-01 -3.4389544326552529e-02 -1.1684658126496665e+00 5.0547601637134498e-01 3.7667792331579755e-02 -8.6201805914622265e-01 -4.0618995905119277e+00 0 0 0 1</transform>
        <rotation_covariance>4.5982638569366375e-08 2.0615314851390490e-09 -2.3331444086406938e-10 2.0615314851390494e-09 2.5335571004819417e-08 -2.5843921229353777e-09 -2.3331444086406555e-10 -2.5843921229353773e-09 1.7318002330106220e-09</rotation_covariance>
        <location_covariance>9.0403931512006004e-06 3.9696832381510758e-06 2.1506651237807067e-06 3.9696832381510758e-06 5.2165917182278739e-06 -7.9908261873446920e-07 2.1506651237807067e-06 -7.9908261873446920e-07 1.9238685998667892e-06</location_covariance>
        <orientation>1</orientation>
      </camera>
      <camera id="36" sensor_id="1" label="DSC07067">
        <transform>8.5448365477673494e-01 -9.3357819227920507e-03 5.1939438473599542e-01 -5.6658921577898527e+00 2.0149896227430138e-02 -9.9849040454105042e-01 -5.1096905204456387e-02 -1.8265957554093430e+00 5.1908733889531256e-01 5.4127213260424502e-02 -8.5300561509479145e-01 -4.1539849411309797e+00 0 0 0 1</transform>
        <rotation_covariance>4.5103572719772468e-08 1.8396061980917767e-09 4.3844496811975767e-10 1.8396061980917767e-09 2.5038494158687431e-08 -2.2663467268801992e-09 4.3844496811975622e-10 -2.2663467268801997e-09 1.5545423585927433e-09</rotation_covariance>
        <location_covariance>8.7029679957899095e-06 3.2498238342449196e-06 2.1378048478326046e-06 3.2498238342449196e-06 4.6919578797446651e-06 -7.7536364335196396e-07 2.1378048478326046e-06 -7.7536364335196396e-07 1.6377564454133149e-06</location_covariance>
        <orientation>1</orientation>
      </camera>
      <camera id="37" sensor_id="1" label="DSC07068">
        <transform>8.5259930109808324e-01 -2.5988628760226555e-02 5.2191859800377227e-01 -5.7301194082562787e+00 1.1361617626066967e-02 -9.9760455840692486e-01 -6.8235318498878775e-02 -2.4817619196783789e+00 5.2244171484671786e-01 6.4107224404800975e-02 -8.5026167640740657e-01 -4.2737771930569100e+00 0 0 0 1</transform>
        <rotation_covariance>4.4124276061684831e-08 1.2048587763755492e-09 4.7228249793057104e-10 1.2048587763755496e-09 2.4386783650036369e-08 -1.9721712565631978e-09 4.7228249793057342e-10 -1.9721712565631982e-09 1.4055287479828053e-09</rotation_covariance>
        <location_covariance>8.3180263815886952e-06 2.5338070036941472e-06 2.0976044732946557e-06 2.5338070036941472e-06 4.2194328689530866e-06 -7.3212801131356431e-07 2.0976044732946557e-06 -7.3212801131356431e-07 1.3829731553087815e-06</location_covariance>
        <orientation>1</orientation>
      </camera>
      <camera id="38" sensor_id="1" label="DSC07069">
        <transform>8.5510294702375733e-01 -4.2613730534551933e-02 5.1670399646336584e-01 -5.8310607342727634e+00 1.3016902406962683e-02 -9.9453764686353774e-01 -1.0356364817282493e-01 -3.1564575537565878e+00 5.1829481016407353e-01 9.5283466252365390e-02 -8.4987737398751906e-01 -4.3363807120439208e+00 0 0 0 1</transform>
        <rotation_covariance>4.3801139870404000e-08 6.7383649299358969e-10 3.1794800770203741e-10 6.7383649299358928e-10 2.4111609693201655e-08 -1.2126910815063498e-09 3.1794800770203968e-10 -1.2126910815063496e-09 1.2646496239806141e-09</rotation_covariance>
        <location_covariance>7.9566594851424395e-06 1.8218973141154610e-06 2.1155921993413745e-06 1.8218973141154610e-06 3.9408896333457061e-06 -6.8029427155807660e-07 2.1155921993413745e-06 -6.8029427155807660e-07 1.2078536416832212e-06</location_covariance>
        <orientation>1</orientation>
      </camera>
      <camera id="39" sensor_id="1" label="DSC07070">
        <transform>8.5276760356757886e-01 -5.8660258865266657e-02 5.1898592306098990e-01 -5.8858847496776106e+00 1.7692202311053836e-02 -9.8985817673236098e-01 -1.4095309834647404e-01 -3.8455471383101663e+00 5.2199080478777837e-01 1.2938223983973204e-01 -8.4308115607636580e-01 -4.4554289307474182e+00 0 0 0 1</transform>
        <rotation_covariance>4.4027166354121057e-08 3.1192151858337839e-10 6.1665956439512112e-10 3.1192151858337777e-10 2.4241383505074773e-08 -4.6745291657521114e-10 6.1665956439512081e-10 -4.6745291657521145e-10 1.2399691641292178e-09</rotation_covariance>
        <location_covariance>7.6670230999479761e-06 1.1230136413870946e-06 2.0768258631629603e-06 1.1230136413870946e-06 3.7165206693204722e-06 -6.2900195802535576e-07 2.0768258631629603e-06 -6.2900195802535576e-07 1.0371979245998824e-06</location_covariance>
